0 3 3
0 3 0
4 1 4

0 4 2
0 3 0
4 1 4

R | RB

02 | 02, 11

-----

2 3 2
0 2 0
4 1 4

1 4 2
0 2 0
4 1 4

L | LRB

00 | 00, 02, 11

-----

2 3 2
0 1 0
4 2 4

1 4 2
0 1 0
4 2 4

L | LRB

00 | 00, 02

-----

1 2 2
0 2 3
3 3 2

1 2 1
0 2 4
3 3 2

T | LTB

02 | 02, 11, 22

-----

0 3 2
3 0 3
2 3 2

0 3 2
3 0 3
1 4 2

L | LR

20 | 20, 22

-----

0 3 2
3 0 3
1 4 2

0 3 1
3 0 4
1 4 2

T | TB

02 | 02, 22

-----

0 4 0
4 2 3
0 3 2

0 4 0
4 2 4
0 3 1

B | LB

22 | 11, 22

-----

0 4 0
4 2 4
0 3 1

0 4 0
3 4 3
0 3 1

LR | LRT

10, 12 | 01, 10, 12

-----

0 4 0
3 4 2
0 2 3

0 4 0
3 4 1
0 2 4

T | LT

12 | 12, 21

-----

0 4 0
3 3 3
0 2 3

0 4 0
3 3 4
0 2 2

22 | 11, 22

-----

0 4 0
3 3 4
0 2 2

0 4 0
3 4 3
0 2 2

12 | 01, 12

-----

0 4 0
3 3 3
0 4 1

0 4 0
3 4 3
0 3 1

21 | 01, 21

-----

0 4 0
3 4 2
0 2 3

0 4 0
3 4 1
0 2 4

12 | 12, 21

-----

0 4 0
4 3 3
1 1 2

0 4 0
3 4 3
1 1 2

10 | 01, 10

-----

3 1 2
1 4 0
1 3 3

4 1 2
0 4 0
1 3 3

10 | 01, 10